{
 "cells": [
  {
   "cell_type": "code",
   "execution_count": 37,
   "id": "aba5e3ea",
   "metadata": {},
   "outputs": [],
   "source": [
    "# Import the libraries \n",
    "\n",
    "import numpy as np \n",
    "import pandas as pd\n",
    "from matplotlib import pyplot as plt"
   ]
  },
  {
   "cell_type": "code",
   "execution_count": 38,
   "id": "364ccb1a",
   "metadata": {},
   "outputs": [
    {
     "name": "stdout",
     "output_type": "stream",
     "text": [
      "   Unnamed: 0  dest_id                  title  \\\n",
      "0           0        1       Boudhanath Stupa   \n",
      "1           1        2  Phewa Tal (Fewa Lake)   \n",
      "2           2        3              Sarangkot   \n",
      "3           3        4   Swayambhunath Temple   \n",
      "4           4        5              Poon Hill   \n",
      "\n",
      "                                    genre   latitude  longitude  \\\n",
      "0  history:art_and_architecture:religious  27.721506  85.359809   \n",
      "1                                  nature  28.211627  83.932296   \n",
      "2                                  nature  28.244376  83.944564   \n",
      "3  history:art_and_architecture:religious  27.714930  85.288146   \n",
      "4                                  nature  28.400195  83.671789   \n",
      "\n",
      "                                             img_url  \n",
      "0  data:image/jpeg;base64,/9j/4AAQSkZJRgABAQAAAQA...  \n",
      "1  data:image/jpeg;base64,/9j/4AAQSkZJRgABAQAAAQA...  \n",
      "2  data:image/jpeg;base64,/9j/4AAQSkZJRgABAQAAAQA...  \n",
      "3  data:image/jpeg;base64,/9j/4AAQSkZJRgABAQAAAQA...  \n",
      "4  data:image/jpeg;base64,/9j/4AAQSkZJRgABAQAAAQA...  \n",
      "(442, 7)\n"
     ]
    }
   ],
   "source": [
    "top_dests=pd.read_csv(\"../../Datasets/final_dest_nepal_with_duplicates_removed.csv\")\n",
    "print(top_dests.head())\n",
    "print(top_dests.shape)"
   ]
  },
  {
   "cell_type": "code",
   "execution_count": 39,
   "id": "9d626d54",
   "metadata": {},
   "outputs": [
    {
     "name": "stdout",
     "output_type": "stream",
     "text": [
      "     Unnamed: 0  dest_id                                title  \\\n",
      "437         453      498              Travel Maker South Asia   \n",
      "438         454      499  Nepal Alibaba Treks & Tours Pvt Ltd   \n",
      "439         455      500                  Alpine Ramble Treks   \n",
      "440         456      501      Info Nepal Treks and Expedition   \n",
      "441         457      502        Mountain Overview Paragliding   \n",
      "\n",
      "                                          genre   latitude  longitude img_url  \n",
      "437              art_and_architecture:religious  27.713420  85.311246     NaN  \n",
      "438                                     history  27.737544  85.302841     NaN  \n",
      "439                                     history  27.719162  85.306492     NaN  \n",
      "440  history:art_and_architecture:entertainment  27.716730  85.307607     NaN  \n",
      "441                                   adventure  27.964449  84.075089     NaN  \n"
     ]
    }
   ],
   "source": [
    "print(top_dests.tail())"
   ]
  },
  {
   "cell_type": "code",
   "execution_count": 40,
   "id": "392c9815",
   "metadata": {},
   "outputs": [
    {
     "name": "stdout",
     "output_type": "stream",
     "text": [
      "                                   title   latitude  longitude\n",
      "0                       Boudhanath Stupa  27.721506  85.359809\n",
      "1                  Phewa Tal (Fewa Lake)  28.211627  83.932296\n",
      "2                              Sarangkot  28.244376  83.944564\n",
      "3                   Swayambhunath Temple  27.714930  85.288146\n",
      "4                              Poon Hill  28.400195  83.671789\n",
      "..                                   ...        ...        ...\n",
      "437              Travel Maker South Asia  27.713420  85.311246\n",
      "438  Nepal Alibaba Treks & Tours Pvt Ltd  27.737544  85.302841\n",
      "439                  Alpine Ramble Treks  27.719162  85.306492\n",
      "440      Info Nepal Treks and Expedition  27.716730  85.307607\n",
      "441        Mountain Overview Paragliding  27.964449  84.075089\n",
      "\n",
      "[442 rows x 3 columns]\n"
     ]
    }
   ],
   "source": [
    "# since we'll be dealing only with latitude and longitude at the moment\n",
    "# only filter those columns along with the title\n",
    "print(top_dests[['title','latitude','longitude']])"
   ]
  },
  {
   "cell_type": "code",
   "execution_count": 41,
   "id": "01675e77",
   "metadata": {},
   "outputs": [
    {
     "name": "stdout",
     "output_type": "stream",
     "text": [
      "    Unnamed: 0  dest_id                                    title  \\\n",
      "0            0        1                         Boudhanath Stupa   \n",
      "1            1        2                    Phewa Tal (Fewa Lake)   \n",
      "2            2        3                                Sarangkot   \n",
      "3            3        4                     Swayambhunath Temple   \n",
      "4            4        5                                Poon Hill   \n",
      "5            5        6                             Peace Temple   \n",
      "6            6        7                     Pashupatinath Temple   \n",
      "7            7        8                  Durbar (Central) Square   \n",
      "8            8        9                        Chandragiri Hills   \n",
      "9            9       10                            Mount Everest   \n",
      "10          10       11                              Begnas Lake   \n",
      "11          11       12  Golden Temple (Hiranya Varna Mahavihar)   \n",
      "12          12       13                             Patan Museum   \n",
      "13          13       14            International Mountain Museum   \n",
      "14          14       15                  Bhaktapur Durbar Square   \n",
      "15          15       16                           Narayani River   \n",
      "16          16       17                          Kopan Monastery   \n",
      "17          17       18                                   Thamel   \n",
      "18          18       19          Nagarkot Panoramic Hiking Trail   \n",
      "19          19       20                              Gokyo Lakes   \n",
      "20          20       21                      Patan Durbar Square   \n",
      "21          21       22                         Garden of Dreams   \n",
      "\n",
      "                                     genre   latitude  longitude  \\\n",
      "0   history:art_and_architecture:religious  27.721506  85.359809   \n",
      "1                                   nature  28.211627  83.932296   \n",
      "2                                   nature  28.244376  83.944564   \n",
      "3   history:art_and_architecture:religious  27.714930  85.288146   \n",
      "4                                   nature  28.400195  83.671789   \n",
      "5   history:art_and_architecture:religious  27.693593  85.297685   \n",
      "6   history:art_and_architecture:religious  27.710446  85.346503   \n",
      "7      history:art_and_architecture:nature  27.688105  85.298110   \n",
      "8                                   nature  27.667226  85.203655   \n",
      "9                                   nature  27.990232  86.861644   \n",
      "10                                  nature  28.178440  84.084782   \n",
      "11  history:art_and_architecture:religious  27.675224  85.322360   \n",
      "12            history:art_and_architecture  27.672850  85.323476   \n",
      "13            history:art_and_architecture  28.189954  83.980639   \n",
      "14            history:art_and_architecture  27.672074  85.425914   \n",
      "15                                  nature  28.412379  82.808513   \n",
      "16  history:art_and_architecture:religious  27.742544  85.362208   \n",
      "17                                 history  27.715009  85.307894   \n",
      "18                        nature:adventure  27.730537  85.525684   \n",
      "19                                  nature  27.975546  86.658266   \n",
      "20     history:art_and_architecture:nature  27.672698  85.323132   \n",
      "21                          history:nature  27.714126  85.312315   \n",
      "\n",
      "                                              img_url  \n",
      "0   data:image/jpeg;base64,/9j/4AAQSkZJRgABAQAAAQA...  \n",
      "1   data:image/jpeg;base64,/9j/4AAQSkZJRgABAQAAAQA...  \n",
      "2   data:image/jpeg;base64,/9j/4AAQSkZJRgABAQAAAQA...  \n",
      "3   data:image/jpeg;base64,/9j/4AAQSkZJRgABAQAAAQA...  \n",
      "4   data:image/jpeg;base64,/9j/4AAQSkZJRgABAQAAAQA...  \n",
      "5   data:image/jpeg;base64,/9j/4AAQSkZJRgABAQAAAQA...  \n",
      "6   data:image/jpeg;base64,/9j/4AAQSkZJRgABAQAAAQA...  \n",
      "7   data:image/jpeg;base64,/9j/4AAQSkZJRgABAQAAAQA...  \n",
      "8   data:image/jpeg;base64,/9j/4AAQSkZJRgABAQAAAQA...  \n",
      "9   data:image/jpeg;base64,/9j/4AAQSkZJRgABAQAAAQA...  \n",
      "10  data:image/jpeg;base64,/9j/4AAQSkZJRgABAQAAAQA...  \n",
      "11  data:image/jpeg;base64,/9j/4AAQSkZJRgABAQAAAQA...  \n",
      "12  data:image/jpeg;base64,/9j/4AAQSkZJRgABAQAAAQA...  \n",
      "13  data:image/jpeg;base64,/9j/4AAQSkZJRgABAQAAAQA...  \n",
      "14  data:image/jpeg;base64,/9j/4AAQSkZJRgABAQAAAQA...  \n",
      "15  data:image/jpeg;base64,/9j/4AAQSkZJRgABAQAAAQA...  \n",
      "16  data:image/jpeg;base64,/9j/4AAQSkZJRgABAQAAAQA...  \n",
      "17  data:image/jpeg;base64,/9j/4AAQSkZJRgABAQAAAQA...  \n",
      "18  data:image/jpeg;base64,/9j/4AAQSkZJRgABAQAAAQA...  \n",
      "19  data:image/jpeg;base64,/9j/4AAQSkZJRgABAQAAAQA...  \n",
      "20  data:image/jpeg;base64,/9j/4AAQSkZJRgABAQAAAQA...  \n",
      "21  data:image/jpeg;base64,/9j/4AAQSkZJRgABAQAAAQA...  \n"
     ]
    }
   ],
   "source": [
    "# pick n<442\n",
    "n=22 #graph size\n",
    "top_n_dests=top_dests[:n]\n",
    "print(top_n_dests)"
   ]
  },
  {
   "cell_type": "code",
   "execution_count": 42,
   "id": "ed9127ad",
   "metadata": {},
   "outputs": [],
   "source": [
    "# also meanwhile let's create a matrix called 'graph' to store the weights for each edges\n",
    "graph=np.zeros((n,n))\n",
    "\n",
    "def create_graph():\n",
    "\n",
    "    # iterators to iterate through the graph\n",
    "    i=0\n",
    "    j=0\n",
    "\n",
    "    for lat,long in zip(top_n_dests['latitude'].astype(float),top_n_dests['longitude'].astype(float)):\n",
    "        j=0\n",
    "        for another_lat,another_long in zip(top_n_dests['latitude'].astype(float),top_n_dests['longitude'].astype(float)):\n",
    "            #edge weight(Euclidean distance)\n",
    "            distance_between_the_places=np.sqrt((lat-another_lat)**2+(long-another_long)**2)\n",
    "            #print(distance_between_the_places)\n",
    "\n",
    "            #and store it in the 'graph' matrix\n",
    "            graph[i][j]=distance_between_the_places\n",
    "            #increment j \n",
    "            j+=1\n",
    "\n",
    "        #increment i\n",
    "        i+=1"
   ]
  },
  {
   "cell_type": "code",
   "execution_count": 43,
   "id": "04a18ef5",
   "metadata": {},
   "outputs": [
    {
     "name": "stdout",
     "output_type": "stream",
     "text": [
      "[[0.00000000e+00 1.50930821e+00 1.50874430e+00 7.19642198e-02\n",
      "  1.81934860e+00 6.81061345e-02 1.73023925e-02 7.01594518e-02\n",
      "  1.65318805e-01 1.52568790e+00 1.35443016e+00 5.95353560e-02\n",
      "  6.07246349e-02 1.45655530e+00 8.25430836e-02 2.64318256e+00\n",
      "  2.11739985e-02 5.23200347e-02 1.66120641e-01 1.32307526e+00\n",
      "  6.10522858e-02 4.80632856e-02]\n",
      " [1.50930821e+00 0.00000000e+00 3.49719201e-02 1.44396558e+00\n",
      "  3.21592617e-01 1.46035875e+00 1.50038779e+00 1.46271074e+00\n",
      "  1.38301350e+00 2.93770292e+00 1.56055936e-01 1.48996816e+00\n",
      "  1.49186599e+00 5.29786615e-02 1.58808404e+00 1.14157299e+00\n",
      "  1.50488815e+00 1.46249760e+00 1.66443161e+00 2.73617425e+00\n",
      "  1.49160001e+00 1.46695639e+00]\n",
      " [1.50874430e+00 3.49719201e-02 0.00000000e+00 1.44413428e+00\n",
      "  3.14143284e-01 1.46092380e+00 1.50017083e+00 1.46339414e+00\n",
      "  1.38506724e+00 2.92812987e+00 1.54947127e-01 1.49072248e+00\n",
      "  1.49266226e+00 6.52922948e-02 1.58805689e+00 1.14840647e+00\n",
      "  1.50384494e+00 1.46249675e+00 1.66251889e+00 2.72698512e+00\n",
      "  1.49240258e+00 1.46693826e+00]\n",
      " [7.19642198e-02 1.44396558e+00 1.44413428e+00 0.00000000e+00\n",
      "  1.75561880e+00 2.33722603e-02 5.85291924e-02 2.86152118e-02\n",
      "  9.70273388e-02 1.59740079e+00 1.28954455e+00 5.24130944e-02\n",
      "  5.49453531e-02 1.39112271e+00 1.44279614e-01 2.57585176e+00\n",
      "  7.90430371e-02 1.97482572e-02 2.38050262e-01 1.39468682e+00\n",
      "  5.48415231e-02 2.41831587e-02]\n",
      " [1.81934860e+00 3.21592617e-01 3.14143284e-01 1.75561880e+00\n",
      "  0.00000000e+00 1.77280165e+00 1.81119303e+00 1.77538487e+00\n",
      "  1.69819232e+00 3.21609194e+00 4.68763049e-01 1.80276629e+00\n",
      "  1.80474448e+00 3.73616609e-01 1.89924013e+00 8.63361772e-01\n",
      "  1.81384192e+00 1.77378672e+00 1.97113369e+00 3.01651693e+00\n",
      "  1.80449081e+00 1.77820632e+00]\n",
      " [6.81061345e-02 1.46035875e+00 1.46092380e+00 2.33722603e-02\n",
      "  1.77280165e+00 0.00000000e+00 5.16445752e-02 5.50399437e-03\n",
      "  9.76572312e-02 1.59184230e+00 1.30621998e+00 3.07608945e-02\n",
      "  3.30977367e-02 1.40747515e+00 1.30021251e-01 2.59087465e+00\n",
      "  8.09898929e-02 2.37241023e-02 2.30971993e-01 1.38948825e+00\n",
      "  3.29264458e-02 2.52119216e-02]\n",
      " [1.73023925e-02 1.50038779e+00 1.50017083e+00 5.85291924e-02\n",
      "  1.81119303e+00 5.16445752e-02 0.00000000e+00 5.33007990e-02\n",
      "  1.49242964e-01 1.54075752e+00 1.34571807e+00 4.27021820e-02\n",
      "  4.40873777e-02 1.44758857e+00 8.81955924e-02 2.63326814e+00\n",
      "  3.57340445e-02 3.88777444e-02 1.80303719e-01 1.33828294e+00\n",
      "  4.43969267e-02 3.43848908e-02]\n",
      " [7.01594518e-02 1.46271074e+00 1.46339414e+00 2.86152118e-02\n",
      "  1.77538487e+00 5.50399437e-03 5.33007990e-02 0.00000000e+00\n",
      "  9.67350892e-02 1.59245724e+00 1.30866038e+00 2.74586205e-02\n",
      "  2.96006031e-02 1.40981645e+00 1.28805209e-01 2.59281004e+00\n",
      "  8.40959010e-02 2.86269022e-02 2.31495680e-01 1.39019684e+00\n",
      "  2.93855999e-02 2.96457055e-02]\n",
      " [1.65318805e-01 1.38301350e+00 1.38506724e+00 9.70273388e-02\n",
      "  1.69819232e+00 9.76572312e-02 1.49242964e-01 9.67350892e-02\n",
      "  0.00000000e+00 1.68915989e+00 1.23012841e+00 1.18973744e-01\n",
      "  1.19953299e-01 1.33004267e+00 2.22311474e-01 2.50837739e+00\n",
      "  1.75533111e-01 1.14668539e-01 3.28193127e-01 1.48692802e+00\n",
      "  1.19602642e-01 1.18349873e-01]\n",
      " [1.52568790e+00 2.93770292e+00 2.92812987e+00 1.59740079e+00\n",
      "  3.21609194e+00 1.59184230e+00 1.54075752e+00 1.59245724e+00\n",
      "  1.68915989e+00 0.00000000e+00 2.78323300e+00 1.57118653e+00\n",
      "  1.57057052e+00 2.88791999e+00 1.47056000e+00 4.07505590e+00\n",
      "  1.51975587e+00 1.57793811e+00 1.36096736e+00 2.03907559e-01\n",
      "  1.57093808e+00 1.57373897e+00]\n",
      " [1.35443016e+00 1.56055936e-01 1.54947127e-01 1.28954455e+00\n",
      "  4.68763049e-01 1.30621998e+00 1.34571807e+00 1.30866038e+00\n",
      "  1.23012841e+00 2.78323300e+00 0.00000000e+00 1.33597302e+00\n",
      "  1.33790310e+00 1.04777933e-01 1.43354090e+00 1.29753228e+00\n",
      "  1.34974912e+00 1.30796421e+00 1.50891167e+00 2.58146992e+00\n",
      "  1.33764197e+00 1.31241195e+00]\n",
      " [5.95353560e-02 1.48996816e+00 1.49072248e+00 5.24130944e-02\n",
      "  1.80276629e+00 3.07608945e-02 4.27021820e-02 2.74586205e-02\n",
      "  1.18973744e-01 1.57118653e+00 1.33597302e+00 0.00000000e+00\n",
      "  2.62393171e-03 1.43706711e+00 1.03601893e-01 2.61969864e+00\n",
      "  7.82294028e-02 4.23327385e-02 2.10713486e-01 1.36924784e+00\n",
      "  2.64166634e-03 4.01776527e-02]\n",
      " [6.07246349e-02 1.49186599e+00 1.49266226e+00 5.49453531e-02\n",
      "  1.80474448e+00 3.30977367e-02 4.40873777e-02 2.96006031e-02\n",
      "  1.19953299e-01 1.57057052e+00 1.33790310e+00 2.62393171e-03\n",
      "  0.00000000e+00 1.43896143e+00 1.02440135e-01 2.62143918e+00\n",
      "  7.97333429e-02 4.49464677e-02 2.10275015e-01 1.36868142e+00\n",
      "  3.75963948e-04 4.27586349e-02]\n",
      " [1.45655530e+00 5.29786615e-02 6.52922948e-02 1.39112271e+00\n",
      "  3.73616609e-01 1.40747515e+00 1.44758857e+00 1.40981645e+00\n",
      "  1.33004267e+00 2.88791999e+00 1.04777933e-01 1.43706711e+00\n",
      "  1.43896143e+00 0.00000000e+00 1.53525859e+00 1.19304284e+00\n",
      "  1.45220875e+00 1.40967340e+00 1.61190207e+00 2.68619809e+00\n",
      "  1.43869495e+00 1.41413406e+00]\n",
      " [8.25430836e-02 1.58808404e+00 1.58805689e+00 1.44279614e-01\n",
      "  1.89924013e+00 1.30021251e-01 8.81955924e-02 1.28805209e-01\n",
      "  2.22311474e-01 1.47056000e+00 1.43354090e+00 1.03601893e-01\n",
      "  1.02440135e-01 1.53525859e+00 0.00000000e+00 2.72008012e+00\n",
      "  9.49963911e-02 1.25586792e-01 1.15637040e-01 1.26916821e+00\n",
      "  1.02783092e-01 1.21131732e-01]\n",
      " [2.64318256e+00 1.14157299e+00 1.14840647e+00 2.57585176e+00\n",
      "  8.63361772e-01 2.59087465e+00 2.63326814e+00 2.59281004e+00\n",
      "  2.50837739e+00 4.07505590e+00 1.29753228e+00 2.61969864e+00\n",
      "  2.62143918e+00 1.19304284e+00 2.72008012e+00 0.00000000e+00\n",
      "  2.64008285e+00 2.59484652e+00 2.80141472e+00 3.87445775e+00\n",
      "  2.62115196e+00 2.59934273e+00]\n",
      " [2.11739985e-02 1.50488815e+00 1.50384494e+00 7.90430371e-02\n",
      "  1.81384192e+00 8.09898929e-02 3.57340445e-02 8.40959010e-02\n",
      "  1.75533111e-01 1.51975587e+00 1.34974912e+00 7.82294028e-02\n",
      "  7.97333429e-02 1.45220875e+00 9.49963911e-02 2.64008285e+00\n",
      "  0.00000000e+00 6.08954198e-02 1.63915854e-01 1.31683577e+00\n",
      "  8.00333678e-02 5.74182651e-02]\n",
      " [5.23200347e-02 1.46249760e+00 1.46249675e+00 1.97482572e-02\n",
      "  1.77378672e+00 2.37241023e-02 3.88777444e-02 2.86269022e-02\n",
      "  1.14668539e-01 1.57793811e+00 1.30796421e+00 4.23327385e-02\n",
      "  4.49464677e-02 1.40967340e+00 1.25586792e-01 2.59484652e+00\n",
      "  6.08954198e-02 0.00000000e+00 2.18342870e-01 1.37527659e+00\n",
      "  4.49710617e-02 4.50890642e-03]\n",
      " [1.66120641e-01 1.66443161e+00 1.66251889e+00 2.38050262e-01\n",
      "  1.97113369e+00 2.30971993e-01 1.80303719e-01 2.31495680e-01\n",
      "  3.28193127e-01 1.36096736e+00 1.50891167e+00 2.10713486e-01\n",
      "  2.10275015e-01 1.61190207e+00 1.15637040e-01 2.80141472e+00\n",
      "  1.63915854e-01 2.18342870e-01 0.00000000e+00 1.15878068e+00\n",
      "  2.10647441e-01 2.13998464e-01]\n",
      " [1.32307526e+00 2.73617425e+00 2.72698512e+00 1.39468682e+00\n",
      "  3.01651693e+00 1.38948825e+00 1.33828294e+00 1.39019684e+00\n",
      "  1.48692802e+00 2.03907559e-01 2.58146992e+00 1.36924784e+00\n",
      "  1.36868142e+00 2.68619809e+00 1.26916821e+00 3.87445775e+00\n",
      "  1.31683577e+00 1.37527659e+00 1.15878068e+00 0.00000000e+00\n",
      "  1.36905045e+00 1.37110320e+00]\n",
      " [6.10522858e-02 1.49160001e+00 1.49240258e+00 5.48415231e-02\n",
      "  1.80449081e+00 3.29264458e-02 4.43969267e-02 2.93855999e-02\n",
      "  1.19602642e-01 1.57093808e+00 1.33764197e+00 2.64166634e-03\n",
      "  3.75963948e-04 1.43869495e+00 1.02783092e-01 2.62115196e+00\n",
      "  8.00333678e-02 4.49710617e-02 2.10647441e-01 1.36905045e+00\n",
      "  0.00000000e+00 4.28168971e-02]\n",
      " [4.80632856e-02 1.46695639e+00 1.46693826e+00 2.41831587e-02\n",
      "  1.77820632e+00 2.52119216e-02 3.43848908e-02 2.96457055e-02\n",
      "  1.18349873e-01 1.57373897e+00 1.31241195e+00 4.01776527e-02\n",
      "  4.27586349e-02 1.41413406e+00 1.21131732e-01 2.59934273e+00\n",
      "  5.74182651e-02 4.50890642e-03 2.13998464e-01 1.37110320e+00\n",
      "  4.28168971e-02 0.00000000e+00]]\n"
     ]
    }
   ],
   "source": [
    "create_graph()\n",
    "print(graph)"
   ]
  },
  {
   "cell_type": "code",
   "execution_count": 44,
   "id": "20e4e9db",
   "metadata": {},
   "outputs": [],
   "source": [
    "from numpy import argmin"
   ]
  },
  {
   "cell_type": "markdown",
   "id": "f7696b17",
   "metadata": {},
   "source": [
    "## Now let's define the functions for implementing the 2-opt \n",
    "\n",
    "#### In a nutshell, 2-opt improves the path obtained from the greedy approach"
   ]
  },
  {
   "cell_type": "code",
   "execution_count": 45,
   "id": "ed9feda6",
   "metadata": {},
   "outputs": [],
   "source": [
    "def _swap_2opt(route, i, k):\n",
    "    \"\"\" \n",
    "        Swapping the route \n",
    "    \"\"\"\n",
    "    new_route = route[0:i]\n",
    "    new_route.extend(reversed(route[i:k + 1]))\n",
    "    new_route.extend(route[k + 1:])\n",
    "    return new_route\n"
   ]
  },
  {
   "cell_type": "code",
   "execution_count": 46,
   "id": "8ef302c9",
   "metadata": {},
   "outputs": [],
   "source": [
    "def route_cost(graph, path):\n",
    "    \"\"\"\n",
    "        Calculates the cost for the route. \n",
    "    \"\"\"\n",
    "    cost = 0\n",
    "    for index in range(len(path) - 1):\n",
    "        cost = cost + graph[path[index]][path[index + 1]]\n",
    "    # add last edge to form a cycle.\n",
    "    cost = cost + graph[path[-1], path[0]]\n",
    "    return cost"
   ]
  },
  {
   "cell_type": "code",
   "execution_count": 47,
   "id": "c2dbf62a",
   "metadata": {},
   "outputs": [],
   "source": [
    "# implement the 2-opt heuristic to improve the returned greedy route\n",
    "\n",
    "def tsp_2_opt(graph, route,max_iter=50):\n",
    "    \"\"\"\n",
    "    Approximate the optimal path of travelling salesman according to 2-opt algorithm\n",
    "    Args:\n",
    "        graph: 2d numpy array as graph\n",
    "        route: list of nodes\n",
    "\n",
    "    Returns:\n",
    "        optimal path according to 2-opt algorithm\n",
    "\n",
    "    Examples:\n",
    "        >>> import numpy as np\n",
    "        >>> graph = np.array([[  0, 300, 250, 190, 230],\n",
    "        >>>                   [300,   0, 230, 330, 150],\n",
    "        >>>                   [250, 230,   0, 240, 120],\n",
    "        >>>                   [190, 330, 240,   0, 220],\n",
    "        >>>                   [230, 150, 120, 220,   0]])\n",
    "        >>> tsp_2_opt(graph)\n",
    "    \"\"\"\n",
    "    improved = True\n",
    "    best_found_route = route\n",
    "    best_found_route_cost = route_cost(graph, best_found_route)\n",
    "    for i in range(max_iter):\n",
    "        improved = False\n",
    "        for i in range(1, len(best_found_route) - 1):\n",
    "            for k in range(i + 1, len(best_found_route) - 1):\n",
    "                new_route = _swap_2opt(best_found_route, i, k)\n",
    "                new_route_cost = route_cost(graph, new_route)\n",
    "                if new_route_cost < best_found_route_cost:\n",
    "                    best_found_route_cost = new_route_cost\n",
    "                    best_found_route = new_route\n",
    "                    improved = True\n",
    "                    break\n",
    "            if improved:\n",
    "                break\n",
    "    return best_found_route_cost,best_found_route\n"
   ]
  },
  {
   "cell_type": "markdown",
   "id": "a8d6488a",
   "metadata": {},
   "source": [
    "### The following is the implementation of the greedy approach i.e. using the Nearest Neighbor Heuristic"
   ]
  },
  {
   "cell_type": "code",
   "execution_count": 48,
   "id": "e844ebfb",
   "metadata": {},
   "outputs": [],
   "source": [
    "data= list(range(0,n))# should contain the list of city ids \n",
    "matrix=graph"
   ]
  },
  {
   "cell_type": "code",
   "execution_count": 49,
   "id": "bc1f83c0",
   "metadata": {},
   "outputs": [],
   "source": [
    "# redefining the nearest neighbour heuristic\n",
    "import time\n",
    "def nearest_neighbor_heuristic_route_generator(starting_point):\n",
    "    \"\"\"\n",
    "        Greedy Nearest neighbor heuristic route generator\n",
    "    \"\"\"\n",
    "    # maintain a list called 'visited' to store the cities that have been visited\n",
    "    # initially, this holds the starting city\n",
    "    visited=[]\n",
    "    visited.append(starting_point)\n",
    "    current_point=starting_point\n",
    "    #also maintain a local copy of all the cities\n",
    "    data_copy=data.copy()\n",
    "    #remove the visited city from this list\n",
    "    data_copy.remove(starting_point)\n",
    "    #total cost of the route\n",
    "    total_cost=0\n",
    "    \n",
    "    # from the starting city, calculate the cost to every cities(except itself) and select the city with minimum cost\n",
    "    while data_copy !=[]:\n",
    "        #calculate cost to every other cities in the cities_copy from the current city and store in cost_list\n",
    "        cost_list=[]\n",
    "        for neighbor_point in data_copy:\n",
    "            cost=matrix[current_point][neighbor_point]\n",
    "            cost_list.append(cost)\n",
    "#         print(cost_list)\n",
    "        min_idx=np.argmin(cost_list)#selects the index with the minimum cost\n",
    "#         print(min_idx) \n",
    "        #also add the min cost to the total cost\n",
    "        total_cost+=min(cost_list)\n",
    "        #now find the corresponding point (neighbor)\n",
    "        corresponding_point=data_copy[min_idx]\n",
    "        # add that to the visited list\n",
    "        visited.append(corresponding_point)\n",
    "        # remove that from the data_copy list\n",
    "        data_copy.remove(corresponding_point)\n",
    "        # change current city to the city with min cost (corresponding city)\n",
    "        current_point=corresponding_point\n",
    "        \n",
    "    # last city has to be connected to the starting city so let's do that\n",
    "    total_cost+=matrix[current_point][starting_point] #add to total cost\n",
    "    visited.append(starting_point)\n",
    "    \n",
    "    return total_cost,visited\n",
    "        \n",
    "\n",
    "#display the result for the data\n",
    "t_in=time.time()\n",
    "total_cost,route_generated=nearest_neighbor_heuristic_route_generator(0)\n",
    "t_out1=time.time()\n",
    "\n",
    "\n",
    "#apply 2-opt \n",
    "final_cost,final_route=tsp_2_opt(np.array(matrix),route_generated)\n",
    "t_out2=time.time()\n",
    "    "
   ]
  },
  {
   "cell_type": "code",
   "execution_count": 50,
   "id": "99ae0983",
   "metadata": {},
   "outputs": [
    {
     "name": "stdout",
     "output_type": "stream",
     "text": [
      "Boudhanath Stupa--->Pashupatinath Temple--->Garden of Dreams--->Thamel--->Swayambhunath Temple--->Peace Temple--->Durbar (Central) Square--->Golden Temple (Hiranya Varna Mahavihar)--->Patan Museum--->Patan Durbar Square--->Kopan Monastery--->Bhaktapur Durbar Square--->Nagarkot Panoramic Hiking Trail--->Chandragiri Hills--->Begnas Lake--->International Mountain Museum--->Phewa Tal (Fewa Lake)--->Sarangkot--->Poon Hill--->Narayani River--->Gokyo Lakes--->Mount Everest--->Boudhanath Stupa--->"
     ]
    }
   ],
   "source": [
    "for i in route_generated:\n",
    "    print(top_n_dests.iloc[i][\"title\"],end='')\n",
    "    print(\"--->\",end='')"
   ]
  },
  {
   "cell_type": "code",
   "execution_count": 51,
   "id": "5b46ef24",
   "metadata": {},
   "outputs": [
    {
     "name": "stdout",
     "output_type": "stream",
     "text": [
      "Boudhanath Stupa--->Kopan Monastery--->Gokyo Lakes--->Mount Everest--->Nagarkot Panoramic Hiking Trail--->Bhaktapur Durbar Square--->Pashupatinath Temple--->Patan Museum--->Patan Durbar Square--->Golden Temple (Hiranya Varna Mahavihar)--->Durbar (Central) Square--->Peace Temple--->Chandragiri Hills--->International Mountain Museum--->Phewa Tal (Fewa Lake)--->Narayani River--->Poon Hill--->Sarangkot--->Begnas Lake--->Swayambhunath Temple--->Thamel--->Garden of Dreams--->Boudhanath Stupa--->"
     ]
    }
   ],
   "source": [
    "for i in final_route:\n",
    "    print(top_n_dests.iloc[i][\"title\"],end='')\n",
    "    print(\"--->\",end='')"
   ]
  },
  {
   "cell_type": "code",
   "execution_count": 52,
   "id": "898bd50f",
   "metadata": {},
   "outputs": [],
   "source": [
    "#actual distance given by Vincenty distance using more accurate ellipsoidal models such as WGS-84 than Haversine\n",
    "import geopy.distance\n",
    "total_distance_without=0 #total actual distance\n",
    "\n",
    "for i in range(len(route_generated)-1):\n",
    "    coords_1 = (top_n_dests.iloc[route_generated[i]][\"latitude\"],top_n_dests.iloc[route_generated[i]][\"longitude\"])\n",
    "    coords_2 = (top_n_dests.iloc[route_generated[i+1]][\"latitude\"],top_n_dests.iloc[route_generated[i+1]][\"longitude\"])\n",
    "    \n",
    "    #names of destinations connected\n",
    "    src=top_n_dests.iloc[route_generated[i]][\"title\"]\n",
    "    dest=top_n_dests.iloc[route_generated[i+1]][\"title\"]\n",
    "    distance=geopy.distance.geodesic(coords_1, coords_2).km\n",
    "#     print (f'{str(src)+\"->\"+str(dest)}',distance)\n",
    "    total_distance_without=total_distance_without+distance\n"
   ]
  },
  {
   "cell_type": "code",
   "execution_count": 53,
   "id": "f392ec38",
   "metadata": {},
   "outputs": [],
   "source": [
    "#actual distance given by Vincenty distance using more accurate ellipsoidal models such as WGS-84 than Haversine\n",
    "import geopy.distance\n",
    "total_distance_with=0 #total actual distance\n",
    "\n",
    "for i in range(len(final_route)-1):\n",
    "    coords_1 = (top_n_dests.iloc[final_route[i]][\"latitude\"],top_n_dests.iloc[final_route[i]][\"longitude\"])\n",
    "    coords_2 = (top_n_dests.iloc[final_route[i+1]][\"latitude\"],top_n_dests.iloc[final_route[i+1]][\"longitude\"])\n",
    "    \n",
    "    #names of destinations connected\n",
    "    src=top_n_dests.iloc[final_route[i]][\"title\"]\n",
    "    dest=top_n_dests.iloc[final_route[i+1]][\"title\"]\n",
    "    distance=geopy.distance.geodesic(coords_1, coords_2).km\n",
    "#     print (f'{str(src)+\"->\"+str(dest)}',distance)\n",
    "    total_distance_with=total_distance_with+distance\n"
   ]
  },
  {
   "cell_type": "code",
   "execution_count": 54,
   "id": "ecb89ba6",
   "metadata": {},
   "outputs": [
    {
     "name": "stdout",
     "output_type": "stream",
     "text": [
      "without time: 0.0006258487701416016\n",
      "with time: 0.07556271553039551\n",
      "Total distance (without 2-opt): 888.5881891268505\n",
      "Final distance with 2-opt: 845.8318936327231\n"
     ]
    }
   ],
   "source": [
    "print(\"without time:\",t_out1-t_in)\n",
    "print(\"with time:\",t_out2-t_in)\n",
    "\n",
    "print(\"Total distance (without 2-opt):\",total_distance_without)\n",
    "# print(\"Route generated (without 2-opt):\",route_generated)\n",
    "print(\"Final distance with 2-opt:\",total_distance_with)\n",
    "# print(\"Final route with 2-opt:\",final_route)"
   ]
  }
 ],
 "metadata": {
  "kernelspec": {
   "display_name": "Python 3 (ipykernel)",
   "language": "python",
   "name": "python3"
  },
  "language_info": {
   "codemirror_mode": {
    "name": "ipython",
    "version": 3
   },
   "file_extension": ".py",
   "mimetype": "text/x-python",
   "name": "python",
   "nbconvert_exporter": "python",
   "pygments_lexer": "ipython3",
   "version": "3.9.7"
  }
 },
 "nbformat": 4,
 "nbformat_minor": 5
}
