{
 "cells": [
  {
   "cell_type": "markdown",
   "id": "1a7dd05c",
   "metadata": {},
   "source": [
    "# Ant Colony Optimization based Itinerary Recommender\n",
    "\n",
    "## \"The title is pretty much self-explanatory. We will be following the ACO framework shown below:\""
   ]
  },
  {
   "cell_type": "markdown",
   "id": "59d657b3",
   "metadata": {},
   "source": [
    "###### ACO Framework \n",
    "\n",
    "% Create Graph\n",
    "\n",
    "% Draw Graph\n",
    "\n",
    "%% ACO algorithm\n",
    "\n",
    "    % Define Initial Parameters\n",
    "    \n",
    "    % Main loop\n",
    "    \n",
    "    for i = 1 to max_iter:\n",
    "        % Create ants\n",
    "        % Calculate fitness value of all ants\n",
    "        % Find the best ant \n",
    "        % Update the pheromone matrix\n",
    "        % Implement Evaporation\n",
    "        % Display results \n",
    "    end"
   ]
  },
  {
   "cell_type": "code",
   "execution_count": 53,
   "id": "95e2c120",
   "metadata": {},
   "outputs": [],
   "source": [
    "# Import the libraries \n",
    "\n",
    "import numpy as np \n",
    "import pandas as pd\n",
    "from matplotlib import pyplot as plt"
   ]
  },
  {
   "cell_type": "code",
   "execution_count": 54,
   "id": "acf03461",
   "metadata": {},
   "outputs": [],
   "source": [
    "# Import the dataset\n",
    "top_dests=pd.read_csv(\"../../Datasets/final_dest_nepal_with_duplicates_removed.csv\")"
   ]
  },
  {
   "cell_type": "code",
   "execution_count": 55,
   "id": "177ab9f5",
   "metadata": {},
   "outputs": [
    {
     "name": "stdout",
     "output_type": "stream",
     "text": [
      "   Unnamed: 0  dest_id                  title  \\\n",
      "0           0        1       Boudhanath Stupa   \n",
      "1           1        2  Phewa Tal (Fewa Lake)   \n",
      "2           2        3              Sarangkot   \n",
      "3           3        4   Swayambhunath Temple   \n",
      "4           4        5              Poon Hill   \n",
      "\n",
      "                                    genre   latitude  longitude  \\\n",
      "0  history:art_and_architecture:religious  27.721506  85.359809   \n",
      "1                                  nature  28.211627  83.932296   \n",
      "2                                  nature  28.244376  83.944564   \n",
      "3  history:art_and_architecture:religious  27.714930  85.288146   \n",
      "4                                  nature  28.400195  83.671789   \n",
      "\n",
      "                                             img_url  \n",
      "0  data:image/jpeg;base64,/9j/4AAQSkZJRgABAQAAAQA...  \n",
      "1  data:image/jpeg;base64,/9j/4AAQSkZJRgABAQAAAQA...  \n",
      "2  data:image/jpeg;base64,/9j/4AAQSkZJRgABAQAAAQA...  \n",
      "3  data:image/jpeg;base64,/9j/4AAQSkZJRgABAQAAAQA...  \n",
      "4  data:image/jpeg;base64,/9j/4AAQSkZJRgABAQAAAQA...  \n"
     ]
    }
   ],
   "source": [
    "print(top_dests.head())"
   ]
  },
  {
   "cell_type": "code",
   "execution_count": 56,
   "id": "d9c1e907",
   "metadata": {},
   "outputs": [],
   "source": [
    "# select the first 501 destinations as they're the destinations having the latitude and longitude currently\n",
    "top_dests=top_dests[:501]"
   ]
  },
  {
   "cell_type": "code",
   "execution_count": 57,
   "id": "e3bcab8b",
   "metadata": {},
   "outputs": [
    {
     "name": "stdout",
     "output_type": "stream",
     "text": [
      "     Unnamed: 0  dest_id                                title  \\\n",
      "437         453      498              Travel Maker South Asia   \n",
      "438         454      499  Nepal Alibaba Treks & Tours Pvt Ltd   \n",
      "439         455      500                  Alpine Ramble Treks   \n",
      "440         456      501      Info Nepal Treks and Expedition   \n",
      "441         457      502        Mountain Overview Paragliding   \n",
      "\n",
      "                                          genre   latitude  longitude img_url  \n",
      "437              art_and_architecture:religious  27.713420  85.311246     NaN  \n",
      "438                                     history  27.737544  85.302841     NaN  \n",
      "439                                     history  27.719162  85.306492     NaN  \n",
      "440  history:art_and_architecture:entertainment  27.716730  85.307607     NaN  \n",
      "441                                   adventure  27.964449  84.075089     NaN  \n"
     ]
    }
   ],
   "source": [
    "print(top_dests.tail())"
   ]
  },
  {
   "cell_type": "code",
   "execution_count": 58,
   "id": "7d8801ea",
   "metadata": {
    "scrolled": true
   },
   "outputs": [
    {
     "name": "stdout",
     "output_type": "stream",
     "text": [
      "                                   title   latitude  longitude\n",
      "0                       Boudhanath Stupa  27.721506  85.359809\n",
      "1                  Phewa Tal (Fewa Lake)  28.211627  83.932296\n",
      "2                              Sarangkot  28.244376  83.944564\n",
      "3                   Swayambhunath Temple  27.714930  85.288146\n",
      "4                              Poon Hill  28.400195  83.671789\n",
      "..                                   ...        ...        ...\n",
      "437              Travel Maker South Asia  27.713420  85.311246\n",
      "438  Nepal Alibaba Treks & Tours Pvt Ltd  27.737544  85.302841\n",
      "439                  Alpine Ramble Treks  27.719162  85.306492\n",
      "440      Info Nepal Treks and Expedition  27.716730  85.307607\n",
      "441        Mountain Overview Paragliding  27.964449  84.075089\n",
      "\n",
      "[442 rows x 3 columns]\n"
     ]
    }
   ],
   "source": [
    "# since we'll be dealing only with latitude and longitude at the moment\n",
    "# only filter those columns along with the title\n",
    "print(top_dests[['title','latitude','longitude']])"
   ]
  },
  {
   "cell_type": "code",
   "execution_count": 59,
   "id": "5b7a1c87",
   "metadata": {},
   "outputs": [],
   "source": [
    "# # let's plot the graph again \n",
    "# %matplotlib inline \n",
    "# plt.figure(figsize=(12,12)) \n",
    "\n",
    "# for lat,long in zip(top_dests['latitude'],top_dests['longitude']):\n",
    "    \n",
    "#     for another_lat,another_long in zip(top_dests['latitude'],top_dests['longitude']):\n",
    "        \n",
    "#         # create a list holding the two latitude\n",
    "#         lat_list=[lat,another_lat]\n",
    "#         # also create a list holding the two longitudes \n",
    "#         long_list=[long,another_long]\n",
    "#         plt.plot(lat_list,long_list,color='blue', marker='o', linestyle='solid',linewidth=2, markersize=8,mfc = 'white')\n",
    "# #     plt.plot(lat_list,top_n_dests['longitude'],color='blue', marker='o', linestyle='solid',linewidth=2, markersize=8,mfc = 'white')\n",
    "\n",
    "# for title,x,y in zip(top_dests['title'],top_dests['latitude'],top_dests['longitude']):\n",
    "\n",
    "#     label = \"{}\".format(title)\n",
    "\n",
    "#     plt.annotate(label, # this is the text\n",
    "#                  (x,y), # these are the coordinates to position the label\n",
    "#                  textcoords=\"offset points\", # how to position the text\n",
    "#                  xytext=(0,10), # distance from text to points (x,y)\n",
    "#                  ha='center') # horizontal alignment can be left, right or center\n",
    "# plt.show()"
   ]
  },
  {
   "cell_type": "code",
   "execution_count": 60,
   "id": "f94bc9e5",
   "metadata": {},
   "outputs": [
    {
     "name": "stdout",
     "output_type": "stream",
     "text": [
      "    Unnamed: 0  dest_id                                    title  \\\n",
      "0            0        1                         Boudhanath Stupa   \n",
      "1            1        2                    Phewa Tal (Fewa Lake)   \n",
      "2            2        3                                Sarangkot   \n",
      "3            3        4                     Swayambhunath Temple   \n",
      "4            4        5                                Poon Hill   \n",
      "5            5        6                             Peace Temple   \n",
      "6            6        7                     Pashupatinath Temple   \n",
      "7            7        8                  Durbar (Central) Square   \n",
      "8            8        9                        Chandragiri Hills   \n",
      "9            9       10                            Mount Everest   \n",
      "10          10       11                              Begnas Lake   \n",
      "11          11       12  Golden Temple (Hiranya Varna Mahavihar)   \n",
      "12          12       13                             Patan Museum   \n",
      "13          13       14            International Mountain Museum   \n",
      "14          14       15                  Bhaktapur Durbar Square   \n",
      "15          15       16                           Narayani River   \n",
      "16          16       17                          Kopan Monastery   \n",
      "17          17       18                                   Thamel   \n",
      "18          18       19          Nagarkot Panoramic Hiking Trail   \n",
      "19          19       20                              Gokyo Lakes   \n",
      "20          20       21                      Patan Durbar Square   \n",
      "21          21       22                         Garden of Dreams   \n",
      "\n",
      "                                     genre   latitude  longitude  \\\n",
      "0   history:art_and_architecture:religious  27.721506  85.359809   \n",
      "1                                   nature  28.211627  83.932296   \n",
      "2                                   nature  28.244376  83.944564   \n",
      "3   history:art_and_architecture:religious  27.714930  85.288146   \n",
      "4                                   nature  28.400195  83.671789   \n",
      "5   history:art_and_architecture:religious  27.693593  85.297685   \n",
      "6   history:art_and_architecture:religious  27.710446  85.346503   \n",
      "7      history:art_and_architecture:nature  27.688105  85.298110   \n",
      "8                                   nature  27.667226  85.203655   \n",
      "9                                   nature  27.990232  86.861644   \n",
      "10                                  nature  28.178440  84.084782   \n",
      "11  history:art_and_architecture:religious  27.675224  85.322360   \n",
      "12            history:art_and_architecture  27.672850  85.323476   \n",
      "13            history:art_and_architecture  28.189954  83.980639   \n",
      "14            history:art_and_architecture  27.672074  85.425914   \n",
      "15                                  nature  28.412379  82.808513   \n",
      "16  history:art_and_architecture:religious  27.742544  85.362208   \n",
      "17                                 history  27.715009  85.307894   \n",
      "18                        nature:adventure  27.730537  85.525684   \n",
      "19                                  nature  27.975546  86.658266   \n",
      "20     history:art_and_architecture:nature  27.672698  85.323132   \n",
      "21                          history:nature  27.714126  85.312315   \n",
      "\n",
      "                                              img_url  \n",
      "0   data:image/jpeg;base64,/9j/4AAQSkZJRgABAQAAAQA...  \n",
      "1   data:image/jpeg;base64,/9j/4AAQSkZJRgABAQAAAQA...  \n",
      "2   data:image/jpeg;base64,/9j/4AAQSkZJRgABAQAAAQA...  \n",
      "3   data:image/jpeg;base64,/9j/4AAQSkZJRgABAQAAAQA...  \n",
      "4   data:image/jpeg;base64,/9j/4AAQSkZJRgABAQAAAQA...  \n",
      "5   data:image/jpeg;base64,/9j/4AAQSkZJRgABAQAAAQA...  \n",
      "6   data:image/jpeg;base64,/9j/4AAQSkZJRgABAQAAAQA...  \n",
      "7   data:image/jpeg;base64,/9j/4AAQSkZJRgABAQAAAQA...  \n",
      "8   data:image/jpeg;base64,/9j/4AAQSkZJRgABAQAAAQA...  \n",
      "9   data:image/jpeg;base64,/9j/4AAQSkZJRgABAQAAAQA...  \n",
      "10  data:image/jpeg;base64,/9j/4AAQSkZJRgABAQAAAQA...  \n",
      "11  data:image/jpeg;base64,/9j/4AAQSkZJRgABAQAAAQA...  \n",
      "12  data:image/jpeg;base64,/9j/4AAQSkZJRgABAQAAAQA...  \n",
      "13  data:image/jpeg;base64,/9j/4AAQSkZJRgABAQAAAQA...  \n",
      "14  data:image/jpeg;base64,/9j/4AAQSkZJRgABAQAAAQA...  \n",
      "15  data:image/jpeg;base64,/9j/4AAQSkZJRgABAQAAAQA...  \n",
      "16  data:image/jpeg;base64,/9j/4AAQSkZJRgABAQAAAQA...  \n",
      "17  data:image/jpeg;base64,/9j/4AAQSkZJRgABAQAAAQA...  \n",
      "18  data:image/jpeg;base64,/9j/4AAQSkZJRgABAQAAAQA...  \n",
      "19  data:image/jpeg;base64,/9j/4AAQSkZJRgABAQAAAQA...  \n",
      "20  data:image/jpeg;base64,/9j/4AAQSkZJRgABAQAAAQA...  \n",
      "21  data:image/jpeg;base64,/9j/4AAQSkZJRgABAQAAAQA...  \n"
     ]
    }
   ],
   "source": [
    "# pick n less than or equal to 442 \n",
    "n=22 #graph size\n",
    "top_n_dests=top_dests[:n]\n",
    "print(top_n_dests)\n",
    "\n",
    "# define a starting point \n",
    "starting_point=0"
   ]
  },
  {
   "cell_type": "code",
   "execution_count": 61,
   "id": "d26024f5",
   "metadata": {},
   "outputs": [
    {
     "name": "stdout",
     "output_type": "stream",
     "text": [
      "22\n",
      "22\n",
      "Empty DataFrame\n",
      "Columns: [Unnamed: 0, dest_id, title, genre, latitude, longitude, img_url]\n",
      "Index: []\n",
      "22\n"
     ]
    }
   ],
   "source": [
    "# remove the duplicate entry\n",
    "\n",
    "print(len(top_n_dests['latitude'].unique()))\n",
    "print(len(top_n_dests['longitude'].unique()))\n",
    "\n",
    "#print out the duplicated latitude,longitude\n",
    "duplicate_lat_long = top_n_dests[top_n_dests.duplicated(['latitude','longitude'])]\n",
    "print(duplicate_lat_long)\n",
    "\n",
    "#remove the duplicate entries, keeping only the first\n",
    "top_n_dests=top_n_dests.drop_duplicates(subset=['latitude', 'longitude'], keep='first')\n",
    "print(len(top_n_dests))\n",
    "# print(top_n_dests[top_n_dests['latitude']=='27.7154575'])"
   ]
  },
  {
   "cell_type": "code",
   "execution_count": 62,
   "id": "bcf16cb3",
   "metadata": {},
   "outputs": [],
   "source": [
    "#save to a dataset \n",
    "# top_n_dests.to_csv(\"../../Datasets/final_dest_nepal_with_duplicates_removed.csv\")"
   ]
  },
  {
   "cell_type": "code",
   "execution_count": 63,
   "id": "16a94249",
   "metadata": {
    "scrolled": true
   },
   "outputs": [],
   "source": [
    "def plot_graph(ax,fig):\n",
    "    \"\"\"\n",
    "        Function to plot the graph of matrix for every edge between the given nodes\n",
    "    \"\"\"\n",
    "\n",
    "    for lat,long in zip(top_n_dests['latitude'],top_n_dests['longitude']):\n",
    "        for another_lat,another_long in zip(top_n_dests['latitude'],top_n_dests['longitude']):\n",
    "\n",
    "            # create a list holding the two latitude\n",
    "            lat_list=[lat,another_lat]\n",
    "            # also create a list holding the two longitudes \n",
    "            long_list=[long,another_long]\n",
    "\n",
    "            ax.plot(lat_list,long_list,color='blue', marker='o', linestyle='solid',linewidth=2, markersize=8,mfc = 'white')\n",
    "            #     plt.plot(lat_list,top_n_dests['longitude'],color='blue', marker='o', linestyle='solid',linewidth=2, markersize=8,mfc = 'white')\n",
    "            fig.canvas.draw()\n",
    "            \n",
    "    #adding label to each node\n",
    "    for title,x,y in zip(top_n_dests['title'],top_n_dests['latitude'],top_n_dests['longitude']):\n",
    "\n",
    "        label = \"{}\".format(title)\n",
    "\n",
    "        ax.annotate(label, # this is the text\n",
    "                     (x,y), # these are the coordinates to position the label\n",
    "                     textcoords=\"offset points\", # how to position the text\n",
    "                     xytext=(-5,5), # distance from text to points (x,y)\n",
    "                     ha='center') # horizontal alignment can be left, right or center\n",
    "\n"
   ]
  },
  {
   "cell_type": "code",
   "execution_count": 64,
   "id": "f02e8fc2",
   "metadata": {},
   "outputs": [],
   "source": [
    "# also meanwhile let's create a matrix called 'graph' to store the weights for each edges\n",
    "graph=np.zeros((n,n))\n",
    "\n",
    "# \n",
    "def create_graph():\n",
    "\n",
    "    # iterators to iterate through the graph\n",
    "    i=0\n",
    "    j=0\n",
    "\n",
    "    for lat,long in zip(top_n_dests['latitude'].astype(float),top_n_dests['longitude'].astype(float)):\n",
    "        j=0\n",
    "        for another_lat,another_long in zip(top_n_dests['latitude'].astype(float),top_n_dests['longitude'].astype(float)):\n",
    "            #edge weight(Euclidean distance)\n",
    "            distance_between_the_places=np.sqrt((lat-another_lat)**2+(long-another_long)**2)\n",
    "            #print(distance_between_the_places)\n",
    "\n",
    "            #and store it in the 'graph' matrix\n",
    "            graph[i][j]=distance_between_the_places\n",
    "            #increment j \n",
    "            j+=1\n",
    "\n",
    "        #increment i\n",
    "        i+=1"
   ]
  },
  {
   "cell_type": "code",
   "execution_count": 65,
   "id": "def01802",
   "metadata": {},
   "outputs": [
    {
     "name": "stdout",
     "output_type": "stream",
     "text": [
      "[[0.00000000e+00 1.50930821e+00 1.50874430e+00 7.19642198e-02\n",
      "  1.81934860e+00 6.81061345e-02 1.73023925e-02 7.01594518e-02\n",
      "  1.65318805e-01 1.52568790e+00 1.35443016e+00 5.95353560e-02\n",
      "  6.07246349e-02 1.45655530e+00 8.25430836e-02 2.64318256e+00\n",
      "  2.11739985e-02 5.23200347e-02 1.66120641e-01 1.32307526e+00\n",
      "  6.10522858e-02 4.80632856e-02]\n",
      " [1.50930821e+00 0.00000000e+00 3.49719201e-02 1.44396558e+00\n",
      "  3.21592617e-01 1.46035875e+00 1.50038779e+00 1.46271074e+00\n",
      "  1.38301350e+00 2.93770292e+00 1.56055936e-01 1.48996816e+00\n",
      "  1.49186599e+00 5.29786615e-02 1.58808404e+00 1.14157299e+00\n",
      "  1.50488815e+00 1.46249760e+00 1.66443161e+00 2.73617425e+00\n",
      "  1.49160001e+00 1.46695639e+00]\n",
      " [1.50874430e+00 3.49719201e-02 0.00000000e+00 1.44413428e+00\n",
      "  3.14143284e-01 1.46092380e+00 1.50017083e+00 1.46339414e+00\n",
      "  1.38506724e+00 2.92812987e+00 1.54947127e-01 1.49072248e+00\n",
      "  1.49266226e+00 6.52922948e-02 1.58805689e+00 1.14840647e+00\n",
      "  1.50384494e+00 1.46249675e+00 1.66251889e+00 2.72698512e+00\n",
      "  1.49240258e+00 1.46693826e+00]\n",
      " [7.19642198e-02 1.44396558e+00 1.44413428e+00 0.00000000e+00\n",
      "  1.75561880e+00 2.33722603e-02 5.85291924e-02 2.86152118e-02\n",
      "  9.70273388e-02 1.59740079e+00 1.28954455e+00 5.24130944e-02\n",
      "  5.49453531e-02 1.39112271e+00 1.44279614e-01 2.57585176e+00\n",
      "  7.90430371e-02 1.97482572e-02 2.38050262e-01 1.39468682e+00\n",
      "  5.48415231e-02 2.41831587e-02]\n",
      " [1.81934860e+00 3.21592617e-01 3.14143284e-01 1.75561880e+00\n",
      "  0.00000000e+00 1.77280165e+00 1.81119303e+00 1.77538487e+00\n",
      "  1.69819232e+00 3.21609194e+00 4.68763049e-01 1.80276629e+00\n",
      "  1.80474448e+00 3.73616609e-01 1.89924013e+00 8.63361772e-01\n",
      "  1.81384192e+00 1.77378672e+00 1.97113369e+00 3.01651693e+00\n",
      "  1.80449081e+00 1.77820632e+00]\n",
      " [6.81061345e-02 1.46035875e+00 1.46092380e+00 2.33722603e-02\n",
      "  1.77280165e+00 0.00000000e+00 5.16445752e-02 5.50399437e-03\n",
      "  9.76572312e-02 1.59184230e+00 1.30621998e+00 3.07608945e-02\n",
      "  3.30977367e-02 1.40747515e+00 1.30021251e-01 2.59087465e+00\n",
      "  8.09898929e-02 2.37241023e-02 2.30971993e-01 1.38948825e+00\n",
      "  3.29264458e-02 2.52119216e-02]\n",
      " [1.73023925e-02 1.50038779e+00 1.50017083e+00 5.85291924e-02\n",
      "  1.81119303e+00 5.16445752e-02 0.00000000e+00 5.33007990e-02\n",
      "  1.49242964e-01 1.54075752e+00 1.34571807e+00 4.27021820e-02\n",
      "  4.40873777e-02 1.44758857e+00 8.81955924e-02 2.63326814e+00\n",
      "  3.57340445e-02 3.88777444e-02 1.80303719e-01 1.33828294e+00\n",
      "  4.43969267e-02 3.43848908e-02]\n",
      " [7.01594518e-02 1.46271074e+00 1.46339414e+00 2.86152118e-02\n",
      "  1.77538487e+00 5.50399437e-03 5.33007990e-02 0.00000000e+00\n",
      "  9.67350892e-02 1.59245724e+00 1.30866038e+00 2.74586205e-02\n",
      "  2.96006031e-02 1.40981645e+00 1.28805209e-01 2.59281004e+00\n",
      "  8.40959010e-02 2.86269022e-02 2.31495680e-01 1.39019684e+00\n",
      "  2.93855999e-02 2.96457055e-02]\n",
      " [1.65318805e-01 1.38301350e+00 1.38506724e+00 9.70273388e-02\n",
      "  1.69819232e+00 9.76572312e-02 1.49242964e-01 9.67350892e-02\n",
      "  0.00000000e+00 1.68915989e+00 1.23012841e+00 1.18973744e-01\n",
      "  1.19953299e-01 1.33004267e+00 2.22311474e-01 2.50837739e+00\n",
      "  1.75533111e-01 1.14668539e-01 3.28193127e-01 1.48692802e+00\n",
      "  1.19602642e-01 1.18349873e-01]\n",
      " [1.52568790e+00 2.93770292e+00 2.92812987e+00 1.59740079e+00\n",
      "  3.21609194e+00 1.59184230e+00 1.54075752e+00 1.59245724e+00\n",
      "  1.68915989e+00 0.00000000e+00 2.78323300e+00 1.57118653e+00\n",
      "  1.57057052e+00 2.88791999e+00 1.47056000e+00 4.07505590e+00\n",
      "  1.51975587e+00 1.57793811e+00 1.36096736e+00 2.03907559e-01\n",
      "  1.57093808e+00 1.57373897e+00]\n",
      " [1.35443016e+00 1.56055936e-01 1.54947127e-01 1.28954455e+00\n",
      "  4.68763049e-01 1.30621998e+00 1.34571807e+00 1.30866038e+00\n",
      "  1.23012841e+00 2.78323300e+00 0.00000000e+00 1.33597302e+00\n",
      "  1.33790310e+00 1.04777933e-01 1.43354090e+00 1.29753228e+00\n",
      "  1.34974912e+00 1.30796421e+00 1.50891167e+00 2.58146992e+00\n",
      "  1.33764197e+00 1.31241195e+00]\n",
      " [5.95353560e-02 1.48996816e+00 1.49072248e+00 5.24130944e-02\n",
      "  1.80276629e+00 3.07608945e-02 4.27021820e-02 2.74586205e-02\n",
      "  1.18973744e-01 1.57118653e+00 1.33597302e+00 0.00000000e+00\n",
      "  2.62393171e-03 1.43706711e+00 1.03601893e-01 2.61969864e+00\n",
      "  7.82294028e-02 4.23327385e-02 2.10713486e-01 1.36924784e+00\n",
      "  2.64166634e-03 4.01776527e-02]\n",
      " [6.07246349e-02 1.49186599e+00 1.49266226e+00 5.49453531e-02\n",
      "  1.80474448e+00 3.30977367e-02 4.40873777e-02 2.96006031e-02\n",
      "  1.19953299e-01 1.57057052e+00 1.33790310e+00 2.62393171e-03\n",
      "  0.00000000e+00 1.43896143e+00 1.02440135e-01 2.62143918e+00\n",
      "  7.97333429e-02 4.49464677e-02 2.10275015e-01 1.36868142e+00\n",
      "  3.75963948e-04 4.27586349e-02]\n",
      " [1.45655530e+00 5.29786615e-02 6.52922948e-02 1.39112271e+00\n",
      "  3.73616609e-01 1.40747515e+00 1.44758857e+00 1.40981645e+00\n",
      "  1.33004267e+00 2.88791999e+00 1.04777933e-01 1.43706711e+00\n",
      "  1.43896143e+00 0.00000000e+00 1.53525859e+00 1.19304284e+00\n",
      "  1.45220875e+00 1.40967340e+00 1.61190207e+00 2.68619809e+00\n",
      "  1.43869495e+00 1.41413406e+00]\n",
      " [8.25430836e-02 1.58808404e+00 1.58805689e+00 1.44279614e-01\n",
      "  1.89924013e+00 1.30021251e-01 8.81955924e-02 1.28805209e-01\n",
      "  2.22311474e-01 1.47056000e+00 1.43354090e+00 1.03601893e-01\n",
      "  1.02440135e-01 1.53525859e+00 0.00000000e+00 2.72008012e+00\n",
      "  9.49963911e-02 1.25586792e-01 1.15637040e-01 1.26916821e+00\n",
      "  1.02783092e-01 1.21131732e-01]\n",
      " [2.64318256e+00 1.14157299e+00 1.14840647e+00 2.57585176e+00\n",
      "  8.63361772e-01 2.59087465e+00 2.63326814e+00 2.59281004e+00\n",
      "  2.50837739e+00 4.07505590e+00 1.29753228e+00 2.61969864e+00\n",
      "  2.62143918e+00 1.19304284e+00 2.72008012e+00 0.00000000e+00\n",
      "  2.64008285e+00 2.59484652e+00 2.80141472e+00 3.87445775e+00\n",
      "  2.62115196e+00 2.59934273e+00]\n",
      " [2.11739985e-02 1.50488815e+00 1.50384494e+00 7.90430371e-02\n",
      "  1.81384192e+00 8.09898929e-02 3.57340445e-02 8.40959010e-02\n",
      "  1.75533111e-01 1.51975587e+00 1.34974912e+00 7.82294028e-02\n",
      "  7.97333429e-02 1.45220875e+00 9.49963911e-02 2.64008285e+00\n",
      "  0.00000000e+00 6.08954198e-02 1.63915854e-01 1.31683577e+00\n",
      "  8.00333678e-02 5.74182651e-02]\n",
      " [5.23200347e-02 1.46249760e+00 1.46249675e+00 1.97482572e-02\n",
      "  1.77378672e+00 2.37241023e-02 3.88777444e-02 2.86269022e-02\n",
      "  1.14668539e-01 1.57793811e+00 1.30796421e+00 4.23327385e-02\n",
      "  4.49464677e-02 1.40967340e+00 1.25586792e-01 2.59484652e+00\n",
      "  6.08954198e-02 0.00000000e+00 2.18342870e-01 1.37527659e+00\n",
      "  4.49710617e-02 4.50890642e-03]\n",
      " [1.66120641e-01 1.66443161e+00 1.66251889e+00 2.38050262e-01\n",
      "  1.97113369e+00 2.30971993e-01 1.80303719e-01 2.31495680e-01\n",
      "  3.28193127e-01 1.36096736e+00 1.50891167e+00 2.10713486e-01\n",
      "  2.10275015e-01 1.61190207e+00 1.15637040e-01 2.80141472e+00\n",
      "  1.63915854e-01 2.18342870e-01 0.00000000e+00 1.15878068e+00\n",
      "  2.10647441e-01 2.13998464e-01]\n",
      " [1.32307526e+00 2.73617425e+00 2.72698512e+00 1.39468682e+00\n",
      "  3.01651693e+00 1.38948825e+00 1.33828294e+00 1.39019684e+00\n",
      "  1.48692802e+00 2.03907559e-01 2.58146992e+00 1.36924784e+00\n",
      "  1.36868142e+00 2.68619809e+00 1.26916821e+00 3.87445775e+00\n",
      "  1.31683577e+00 1.37527659e+00 1.15878068e+00 0.00000000e+00\n",
      "  1.36905045e+00 1.37110320e+00]\n",
      " [6.10522858e-02 1.49160001e+00 1.49240258e+00 5.48415231e-02\n",
      "  1.80449081e+00 3.29264458e-02 4.43969267e-02 2.93855999e-02\n",
      "  1.19602642e-01 1.57093808e+00 1.33764197e+00 2.64166634e-03\n",
      "  3.75963948e-04 1.43869495e+00 1.02783092e-01 2.62115196e+00\n",
      "  8.00333678e-02 4.49710617e-02 2.10647441e-01 1.36905045e+00\n",
      "  0.00000000e+00 4.28168971e-02]\n",
      " [4.80632856e-02 1.46695639e+00 1.46693826e+00 2.41831587e-02\n",
      "  1.77820632e+00 2.52119216e-02 3.43848908e-02 2.96457055e-02\n",
      "  1.18349873e-01 1.57373897e+00 1.31241195e+00 4.01776527e-02\n",
      "  4.27586349e-02 1.41413406e+00 1.21131732e-01 2.59934273e+00\n",
      "  5.74182651e-02 4.50890642e-03 2.13998464e-01 1.37110320e+00\n",
      "  4.28168971e-02 0.00000000e+00]]\n"
     ]
    }
   ],
   "source": [
    "create_graph()\n",
    "print(graph)"
   ]
  },
  {
   "cell_type": "code",
   "execution_count": 66,
   "id": "12cb5c1f",
   "metadata": {},
   "outputs": [
    {
     "name": "stdout",
     "output_type": "stream",
     "text": [
      "Initial pheromone matrix (Tau):\n",
      "[[0.46661896 0.46661896 0.46661896 0.46661896 0.46661896 0.46661896\n",
      "  0.46661896 0.46661896 0.46661896 0.46661896 0.46661896 0.46661896\n",
      "  0.46661896 0.46661896 0.46661896 0.46661896 0.46661896 0.46661896\n",
      "  0.46661896 0.46661896 0.46661896 0.46661896]\n",
      " [0.46661896 0.46661896 0.46661896 0.46661896 0.46661896 0.46661896\n",
      "  0.46661896 0.46661896 0.46661896 0.46661896 0.46661896 0.46661896\n",
      "  0.46661896 0.46661896 0.46661896 0.46661896 0.46661896 0.46661896\n",
      "  0.46661896 0.46661896 0.46661896 0.46661896]\n",
      " [0.46661896 0.46661896 0.46661896 0.46661896 0.46661896 0.46661896\n",
      "  0.46661896 0.46661896 0.46661896 0.46661896 0.46661896 0.46661896\n",
      "  0.46661896 0.46661896 0.46661896 0.46661896 0.46661896 0.46661896\n",
      "  0.46661896 0.46661896 0.46661896 0.46661896]\n",
      " [0.46661896 0.46661896 0.46661896 0.46661896 0.46661896 0.46661896\n",
      "  0.46661896 0.46661896 0.46661896 0.46661896 0.46661896 0.46661896\n",
      "  0.46661896 0.46661896 0.46661896 0.46661896 0.46661896 0.46661896\n",
      "  0.46661896 0.46661896 0.46661896 0.46661896]\n",
      " [0.46661896 0.46661896 0.46661896 0.46661896 0.46661896 0.46661896\n",
      "  0.46661896 0.46661896 0.46661896 0.46661896 0.46661896 0.46661896\n",
      "  0.46661896 0.46661896 0.46661896 0.46661896 0.46661896 0.46661896\n",
      "  0.46661896 0.46661896 0.46661896 0.46661896]\n",
      " [0.46661896 0.46661896 0.46661896 0.46661896 0.46661896 0.46661896\n",
      "  0.46661896 0.46661896 0.46661896 0.46661896 0.46661896 0.46661896\n",
      "  0.46661896 0.46661896 0.46661896 0.46661896 0.46661896 0.46661896\n",
      "  0.46661896 0.46661896 0.46661896 0.46661896]\n",
      " [0.46661896 0.46661896 0.46661896 0.46661896 0.46661896 0.46661896\n",
      "  0.46661896 0.46661896 0.46661896 0.46661896 0.46661896 0.46661896\n",
      "  0.46661896 0.46661896 0.46661896 0.46661896 0.46661896 0.46661896\n",
      "  0.46661896 0.46661896 0.46661896 0.46661896]\n",
      " [0.46661896 0.46661896 0.46661896 0.46661896 0.46661896 0.46661896\n",
      "  0.46661896 0.46661896 0.46661896 0.46661896 0.46661896 0.46661896\n",
      "  0.46661896 0.46661896 0.46661896 0.46661896 0.46661896 0.46661896\n",
      "  0.46661896 0.46661896 0.46661896 0.46661896]\n",
      " [0.46661896 0.46661896 0.46661896 0.46661896 0.46661896 0.46661896\n",
      "  0.46661896 0.46661896 0.46661896 0.46661896 0.46661896 0.46661896\n",
      "  0.46661896 0.46661896 0.46661896 0.46661896 0.46661896 0.46661896\n",
      "  0.46661896 0.46661896 0.46661896 0.46661896]\n",
      " [0.46661896 0.46661896 0.46661896 0.46661896 0.46661896 0.46661896\n",
      "  0.46661896 0.46661896 0.46661896 0.46661896 0.46661896 0.46661896\n",
      "  0.46661896 0.46661896 0.46661896 0.46661896 0.46661896 0.46661896\n",
      "  0.46661896 0.46661896 0.46661896 0.46661896]\n",
      " [0.46661896 0.46661896 0.46661896 0.46661896 0.46661896 0.46661896\n",
      "  0.46661896 0.46661896 0.46661896 0.46661896 0.46661896 0.46661896\n",
      "  0.46661896 0.46661896 0.46661896 0.46661896 0.46661896 0.46661896\n",
      "  0.46661896 0.46661896 0.46661896 0.46661896]\n",
      " [0.46661896 0.46661896 0.46661896 0.46661896 0.46661896 0.46661896\n",
      "  0.46661896 0.46661896 0.46661896 0.46661896 0.46661896 0.46661896\n",
      "  0.46661896 0.46661896 0.46661896 0.46661896 0.46661896 0.46661896\n",
      "  0.46661896 0.46661896 0.46661896 0.46661896]\n",
      " [0.46661896 0.46661896 0.46661896 0.46661896 0.46661896 0.46661896\n",
      "  0.46661896 0.46661896 0.46661896 0.46661896 0.46661896 0.46661896\n",
      "  0.46661896 0.46661896 0.46661896 0.46661896 0.46661896 0.46661896\n",
      "  0.46661896 0.46661896 0.46661896 0.46661896]\n",
      " [0.46661896 0.46661896 0.46661896 0.46661896 0.46661896 0.46661896\n",
      "  0.46661896 0.46661896 0.46661896 0.46661896 0.46661896 0.46661896\n",
      "  0.46661896 0.46661896 0.46661896 0.46661896 0.46661896 0.46661896\n",
      "  0.46661896 0.46661896 0.46661896 0.46661896]\n",
      " [0.46661896 0.46661896 0.46661896 0.46661896 0.46661896 0.46661896\n",
      "  0.46661896 0.46661896 0.46661896 0.46661896 0.46661896 0.46661896\n",
      "  0.46661896 0.46661896 0.46661896 0.46661896 0.46661896 0.46661896\n",
      "  0.46661896 0.46661896 0.46661896 0.46661896]\n",
      " [0.46661896 0.46661896 0.46661896 0.46661896 0.46661896 0.46661896\n",
      "  0.46661896 0.46661896 0.46661896 0.46661896 0.46661896 0.46661896\n",
      "  0.46661896 0.46661896 0.46661896 0.46661896 0.46661896 0.46661896\n",
      "  0.46661896 0.46661896 0.46661896 0.46661896]\n",
      " [0.46661896 0.46661896 0.46661896 0.46661896 0.46661896 0.46661896\n",
      "  0.46661896 0.46661896 0.46661896 0.46661896 0.46661896 0.46661896\n",
      "  0.46661896 0.46661896 0.46661896 0.46661896 0.46661896 0.46661896\n",
      "  0.46661896 0.46661896 0.46661896 0.46661896]\n",
      " [0.46661896 0.46661896 0.46661896 0.46661896 0.46661896 0.46661896\n",
      "  0.46661896 0.46661896 0.46661896 0.46661896 0.46661896 0.46661896\n",
      "  0.46661896 0.46661896 0.46661896 0.46661896 0.46661896 0.46661896\n",
      "  0.46661896 0.46661896 0.46661896 0.46661896]\n",
      " [0.46661896 0.46661896 0.46661896 0.46661896 0.46661896 0.46661896\n",
      "  0.46661896 0.46661896 0.46661896 0.46661896 0.46661896 0.46661896\n",
      "  0.46661896 0.46661896 0.46661896 0.46661896 0.46661896 0.46661896\n",
      "  0.46661896 0.46661896 0.46661896 0.46661896]\n",
      " [0.46661896 0.46661896 0.46661896 0.46661896 0.46661896 0.46661896\n",
      "  0.46661896 0.46661896 0.46661896 0.46661896 0.46661896 0.46661896\n",
      "  0.46661896 0.46661896 0.46661896 0.46661896 0.46661896 0.46661896\n",
      "  0.46661896 0.46661896 0.46661896 0.46661896]\n",
      " [0.46661896 0.46661896 0.46661896 0.46661896 0.46661896 0.46661896\n",
      "  0.46661896 0.46661896 0.46661896 0.46661896 0.46661896 0.46661896\n",
      "  0.46661896 0.46661896 0.46661896 0.46661896 0.46661896 0.46661896\n",
      "  0.46661896 0.46661896 0.46661896 0.46661896]\n",
      " [0.46661896 0.46661896 0.46661896 0.46661896 0.46661896 0.46661896\n",
      "  0.46661896 0.46661896 0.46661896 0.46661896 0.46661896 0.46661896\n",
      "  0.46661896 0.46661896 0.46661896 0.46661896 0.46661896 0.46661896\n",
      "  0.46661896 0.46661896 0.46661896 0.46661896]]\n",
      "Desirability matrix (Eta):\n",
      "[[           inf 6.62555197e-01 6.62802836e-01 1.38957944e+01\n",
      "  5.49647275e-01 1.46829652e+01 5.77954753e+01 1.42532471e+01\n",
      "  6.04891863e+00 6.55442047e-01 7.38317878e-01 1.67967418e+01\n",
      "  1.64677812e+01 6.86551347e-01 1.21148854e+01 3.78331794e-01\n",
      "  4.72277354e+01 1.91131372e+01 6.01972154e+00 7.55814901e-01\n",
      "  1.63794031e+01 2.08059018e+01]\n",
      " [6.62555197e-01            inf 2.85943693e+01 6.92537284e-01\n",
      "  3.10952413e+00 6.84763248e-01 6.66494358e-01 6.83662171e-01\n",
      "  7.23058742e-01 3.40402018e-01 6.40795873e+00 6.71155282e-01\n",
      "  6.70301495e-01 1.88755241e+01 6.29689597e-01 8.75984289e-01\n",
      "  6.64501214e-01 6.83761808e-01 6.00805700e-01 3.65473800e-01\n",
      "  6.70421020e-01 6.81683524e-01]\n",
      " [6.62802836e-01 2.85943693e+01            inf 6.92456382e-01\n",
      "  3.18326079e+00 6.84498397e-01 6.66590750e-01 6.83342904e-01\n",
      "  7.21986609e-01 3.41514907e-01 6.45381439e+00 6.70815673e-01\n",
      "  6.69943917e-01 1.53157429e+01 6.29700363e-01 8.70771824e-01\n",
      "  6.64962174e-01 6.83762205e-01 6.01496924e-01 3.66705338e-01\n",
      "  6.70060486e-01 6.81691948e-01]\n",
      " [1.38957944e+01 6.92537284e-01 6.92456382e-01            inf\n",
      "  5.69599733e-01 4.27857635e+01 1.70854912e+01 3.49464476e+01\n",
      "  1.03063736e+01 6.26016967e-01 7.75467588e-01 1.90792017e+01\n",
      "  1.81999012e+01 7.18843845e-01 6.93098609e+00 3.88221098e-01\n",
      "  1.26513357e+01 5.06373797e+01 4.20079352e+00 7.17006847e-01\n",
      "  1.82343586e+01 4.13510911e+01]\n",
      " [5.49647275e-01 3.10952413e+00 3.18326079e+00 5.69599733e-01\n",
      "             inf 5.64078899e-01 5.52122266e-01 5.63258150e-01\n",
      "  5.88861455e-01 3.10936384e-01 2.13327395e+00 5.54703072e-01\n",
      "  5.54095060e-01 2.67654054e+00 5.26526364e-01 1.15826300e+00\n",
      "  5.51315960e-01 5.63765638e-01 5.07322260e-01 3.31508168e-01\n",
      "  5.54172952e-01 5.62364438e-01]\n",
      " [1.46829652e+01 6.84763248e-01 6.84498397e-01 4.27857635e+01\n",
      "  5.64078899e-01            inf 1.93631179e+01 1.81686232e+02\n",
      "  1.02398971e+01 6.28202933e-01 7.65567832e-01 3.25088075e+01\n",
      "  3.02135463e+01 7.10492120e-01 7.69105044e+00 3.85970042e-01\n",
      "  1.23472197e+01 4.21512261e+01 4.32952924e+00 7.19689425e-01\n",
      "  3.03707241e+01 3.96637756e+01]\n",
      " [5.77954753e+01 6.66494358e-01 6.66590750e-01 1.70854912e+01\n",
      "  5.52122266e-01 1.93631179e+01            inf 1.87614448e+01\n",
      "  6.70048337e+00 6.49031392e-01 7.43097696e-01 2.34180071e+01\n",
      "  2.26822291e+01 6.90804016e-01 1.13384351e+01 3.79756237e-01\n",
      "  2.79845177e+01 2.57216568e+01 5.54619730e+00 7.47226144e-01\n",
      "  2.25240816e+01 2.90825411e+01]\n",
      " [1.42532471e+01 6.83662171e-01 6.83342904e-01 3.49464476e+01\n",
      "  5.63258150e-01 1.81686232e+02 1.87614448e+01            inf\n",
      "  1.03375105e+01 6.27960346e-01 7.64140199e-01 3.64184355e+01\n",
      "  3.37830954e+01 7.09312195e-01 7.76366116e+00 3.85681938e-01\n",
      "  1.18911860e+01 3.49321764e+01 4.31973505e+00 7.19322598e-01\n",
      "  3.40302735e+01 3.37316985e+01]\n",
      " [6.04891863e+00 7.23058742e-01 7.21986609e-01 1.03063736e+01\n",
      "  5.88861455e-01 1.02398971e+01 6.70048337e+00 1.03375105e+01\n",
      "             inf 5.92010268e-01 8.12923261e-01 8.40521589e+00\n",
      "  8.33657773e+00 7.51855578e-01 4.49819339e+00 3.98664095e-01\n",
      "  5.69693087e+00 8.72078782e+00 3.04698642e+00 6.72527509e-01\n",
      "  8.36101934e+00 8.44952319e+00]\n",
      " [6.55442047e-01 3.40402018e-01 3.41514907e-01 6.26016967e-01\n",
      "  3.10936384e-01 6.28202933e-01 6.49031392e-01 6.27960346e-01\n",
      "  5.92010268e-01            inf 3.59294389e-01 6.36461668e-01\n",
      "  6.36711301e-01 3.46269981e-01 6.80013057e-01 2.45395407e-01\n",
      "  6.58000418e-01 6.33738417e-01 7.34771477e-01 4.90418309e+00\n",
      "  6.36562327e-01 6.35429394e-01]\n",
      " [7.38317878e-01 6.40795873e+00 6.45381439e+00 7.75467588e-01\n",
      "  2.13327395e+00 7.65567832e-01 7.43097696e-01 7.64140199e-01\n",
      "  8.12923261e-01 3.59294389e-01            inf 7.48518111e-01\n",
      "  7.47438284e-01 9.54399434e+00 6.97573399e-01 7.70693736e-01\n",
      "  7.40878425e-01 7.64546915e-01 6.62729317e-01 3.87376197e-01\n",
      "  7.47584200e-01 7.61955879e-01]\n",
      " [1.67967418e+01 6.71155282e-01 6.70815673e-01 1.90792017e+01\n",
      "  5.54703072e-01 3.25088075e+01 2.34180071e+01 3.64184355e+01\n",
      "  8.40521589e+00 6.36461668e-01 7.48518111e-01            inf\n",
      "  3.81107480e+02 6.95861725e-01 9.65233332e+00 3.81723296e-01\n",
      "  1.27829175e+01 2.36223792e+01 4.74578071e+00 7.30327972e-01\n",
      "  3.78548943e+02 2.48894580e+01]\n",
      " [1.64677812e+01 6.70301495e-01 6.69943917e-01 1.81999012e+01\n",
      "  5.54095060e-01 3.02135463e+01 2.26822291e+01 3.37830954e+01\n",
      "  8.33657773e+00 6.36711301e-01 7.47438284e-01 3.81107480e+02\n",
      "             inf 6.94945661e-01 9.76179896e+00 3.81469845e-01\n",
      "  1.25418045e+01 2.22486894e+01 4.75567674e+00 7.30630216e-01\n",
      "  2.65982950e+03 2.33870890e+01]\n",
      " [6.86551347e-01 1.88755241e+01 1.53157429e+01 7.18843845e-01\n",
      "  2.67654054e+00 7.10492120e-01 6.90804016e-01 7.09312195e-01\n",
      "  7.51855578e-01 3.46269981e-01 9.54399434e+00 6.95861725e-01\n",
      "  6.94945661e-01            inf 6.51356068e-01 8.38192866e-01\n",
      "  6.88606235e-01 7.09384176e-01 6.20385084e-01 3.72273365e-01\n",
      "  6.95074382e-01 7.07146535e-01]\n",
      " [1.21148854e+01 6.29689597e-01 6.29700363e-01 6.93098609e+00\n",
      "  5.26526364e-01 7.69105044e+00 1.13384351e+01 7.76366116e+00\n",
      "  4.49819339e+00 6.80013057e-01 6.97573399e-01 9.65233332e+00\n",
      "  9.76179896e+00 6.51356068e-01            inf 3.67636230e-01\n",
      "  1.05267157e+01 7.96262078e+00 8.64774815e+00 7.87917623e-01\n",
      "  9.72922664e+00 8.25547512e+00]\n",
      " [3.78331794e-01 8.75984289e-01 8.70771824e-01 3.88221098e-01\n",
      "  1.15826300e+00 3.85970042e-01 3.79756237e-01 3.85681938e-01\n",
      "  3.98664095e-01 2.45395407e-01 7.70693736e-01 3.81723296e-01\n",
      "  3.81469845e-01 8.38192866e-01 3.67636230e-01            inf\n",
      "  3.78775992e-01 3.85379248e-01 3.56962499e-01 2.58100634e-01\n",
      "  3.81511646e-01 3.84712638e-01]\n",
      " [4.72277354e+01 6.64501214e-01 6.64962174e-01 1.26513357e+01\n",
      "  5.51315960e-01 1.23472197e+01 2.79845177e+01 1.18911860e+01\n",
